40.99514389038086
41.70281982421875
42.39409637451172
42.9948616027832
43.32502746582031
43.480712890625
43.47322082519531
43.36997985839844
43.11133575439453
42.95854949951172
43.40935134887695
43.971946716308594
44.62765884399414
45.2268180847168
45.82102584838867
46.273033142089844
46.36689376831055
46.22796630859375
45.99444580078125
44.56869888305664
43.20742416381836
41.97760009765625
40.697784423828125
40.57489776611328
40.80217361450195
41.2623405456543
41.95635223388672
42.634544372558594
43.222755432128906
43.540916442871094
43.68516159057617
43.66680908203125
43.553287506103516
43.28492736816406
43.122982025146484
43.565120697021484
44.11946105957031
44.76727294921875
45.358394622802734
45.94495391845703
46.38986587524414
46.477203369140625
46.33210754394531
46.09278106689453
44.66704177856445
43.30577087402344
42.07595443725586
40.79613494873047
40.673248291015625
40.89626693725586
41.351646423339844
42.04108428955078
42.714881896972656
43.29887771606445
43.613014221191406
43.7534294128418
43.73143768310547
43.614479064941406
43.342864990234375
43.1778564453125
43.617103576660156
44.16867446899414
44.81385040283203
45.40229034423828
45.986289978027344
46.42890930175781
46.514068603515625
46.366912841796875
46.125640869140625
44.69989013671875
43.33861541748047
42.108795166015625
